 4.700195940148963 -1.7861332545088802 0.6724723510588784 
 4.609355016983336 -1.7771856409768727 0.7576602425810333 
 4.83008990743015 -1.8307481012143285 0.8726143175371331 
 5.023257093057836 -1.8148062401572616 0.3670821537183907 
 4.0127016232778985 -1.5641369839651744 -0.1845830199687487 
 2.718966091263772 -1.5532945843201338 2.0532013786140935 
 7.844788024093007 -2.7968116178076157 4.779977715717789 
 14.393373142657865 -2.662164901393689 -7.406746545450402 
 -12.91808789373702 4.1579199229891 -22.54616995250635 
 -48.94999071297232 3.687165036949132 42.03804187387489 
 -60.719493124048824 13.369346056186547 -9.19109978882006 
 -220.54587806923865 59.49659046986142 -142.70139294934918 
 -577.4371126959713 104.62483734391037 75.65109521587766 
 -126.61392180031041 -59.28951994553603 753.9449906791685 
 1467.8321002411915 -201.45218883274458 -535.0610326278742 
 -1542.976188353731 921.8924628649463 -4543.405477750974 
 -11486.291078371289 2047.822159814333 2971.997725177505 
 5964.198485084824 -4141.981640564234 27161.411431160865 
 78155.16255558404 -117.57337662528971 12.517103579091781 
