 1403636582313555456   4.700195940148963 -1.7861332545088802 0.6724723510588784   
 1403636582363555584   4.609355016983336 -1.7771856409768727 0.7576602425810333   
 1403636582413555712   4.83008990743015 -1.8307481012143285 0.8726143175371331    
 1403636582463555584   5.023257093057836 -1.8148062401572616 0.3670821537183907   
 1403636582513555456   4.0127016232778985 -1.5641369839651744 -0.1845830199687487 
 1403636582563555840   2.718966091263772 -1.5532945843201338 2.0532013786140935   
 1403636582613555456   7.844788024093007 -2.7968116178076157 4.779977715717789    
 1403636582663555584   14.393373142657865 -2.662164901393689 -7.406746545450402   
 1403636582713555456   -12.91808789373702 4.1579199229891 -22.54616995250635      
 1403636582763555840   -48.94999071297232 3.687165036949132 42.03804187387489     
 1403636582813555456   -60.719493124048824 13.369346056186547 -9.19109978882006   
 1403636582863555584   -220.54587806923865 59.49659046986142 -142.70139294934918  
 1403636582913555712   -577.4371126959713 104.62483734391037 75.65109521587766    
 1403636582963555584   -126.61392180031041 -59.28951994553603 753.9449906791685   
 1403636583013555456   1467.8321002411915 -201.45218883274458 -535.0610326278742  
 1403636583063555840   -1542.976188353731 921.8924628649463 -4543.405477750974    
 1403636583113555456   -11486.291078371289 2047.822159814333 2971.997725177505    
 1403636583163555584   5964.198485084824 -4141.981640564234 27161.411431160865    
 1403636583213555456   78155.16255558404 -117.57337662528971 12.517103579091781   
